created by...
#main
72989439
09596126
02134346
33184167
71413901
34853266
34853266
65240384
69579761
69579761
26202165
33508719
31560081
31560081
08131171
32362575
32362575
19613556
44763025
46411259
46411259
46411259
55144522
79571449
71044499
71044499
14087893
14087893
14087893
73915051
73915051
38992735
38992735
38992735
45986603
44095762
53582587
83555666
38275183
38275183
#extra
87751584
54752875
13756293
86099788
86805855
49868263
90140980
80071763
17881964
17881964
70681994
70681994
63519819
63519819
63519819
!side
79853073
79853073
37520316
37520316
05318639
60082869
41420027
41420027
09637706
09637706
51452091
51452091
58851034
58851034
58851034
